((("link" .
   [1 0 0 0])
  ("links" .
   [1 0 0 0 0])
  ("page" .
   [1 0 0 0])
  ("puts" .
   [2 0 0 0])
  ("each" .
   [2 0 0 0])
  ("vehicle_ID" .
   [0 0 0 0 1 0 0 0 0 0])
  ("push" .
   [1 0 0 0])
  ("photo_urls" .
   [1 0 0 0 0 0 0 0 0 1])
  ("x" .
   [1])
  ("/bin/" .
   [0 1 0 0 0])
  ("url" .
   [1 0 0])
  ("p" .
   [1])
  ("print" .
   [1 0 0 0 0])
  ("test_file" .
   [1 0 0 0 0 0 0 0 0])
  ("filename" .
   [3 0 0 0 0 0 0 0])
  ("chomp" .
   [1 0 0 0 0])
  ("while" .
   [1 0 0 0 0])
  ("files" .
   [2 0 0 0 0])
  ("my" .
   [2 0])
  ("for" .
   [1 0 0])
  ("and" .
   [1 0 0])
  ("of" .
   [1 0])
  ("sudo" .
   [1 0 0 0])
  ("debug" .
   [1 0 0 0 0])
  ("make" .
   [1 0 0 0])
  ("Outputs:" .
   [1 0 0 0 0 0 0 0])))
